1 0 0
2 5 0
3 5 4
4 0 4
5 0 2
6 1 1
7 2 1
8 2 2
9 1 2
10 1 1.5
11 3 1
12 4 1
13 4 2
14 3 2
15 1 0
16 2 0
17 3 0
18 4 0
19 5 1
20 5 2
21 5 3
22 4 4
23 3 4
24 2 4
25 1 4
26 0 3
27 0 1
28 1.5 1
29 2 1.5
30 1.5 2
31 3.5 1
32 4 1.5
33 3.5 2
34 3 1.5
35 1.20086 2.56496
36 3.27009 2.4683
37 2.7188 2.46564
38 2.45879 1.74272
39 3.00692 2.97656
40 3.66045 2.91631
41 2.27308 3.00789
42 1.49358 3.20562
43 2.50926 1.24661
44 2.50132 0.625798
45 0.584231 2.42381
46 1.78296 2.53335
47 3.74502 2.36867
48 4.30866 2.45545
49 0.737543 3.22788
50 0.569472 0.563776
51 4.36384 0.636165
52 4.24932 3.26512
53 4.43301 1.25
54 4.34833 1.84109
55 1.25 0.5
56 1.82162 0.608539
57 0.525203 1.69563
58 0.618935 1.15188
59 3.29189 0.532131
60 3.83114 0.633659
61 2.24321 2.42062
62 3.41178 3.45409
63 2.69738 3.48599
64 2.48416 2.1258
