1 41 42 46 3.7
2 29 7 43 3.7
3 34 14 38 3.7
4 42 35 46 3.7
5 11 44 59 3.7
6 35 42 49 3.7
7 34 38 43 3.7
8 38 29 43 3.7
9 41 24 42 3.7
10 41 46 61 3.7
11 45 35 49 3.7
12 59 18 60 3.7
13 57 27 58 3.7
14 53 20 54 3.7
15 38 14 64 3.7
16 40 52 62 3.7
17 8 38 64 3.7
18 16 17 44 3.7
19 24 41 63 3.7
20 43 7 44 3.7
21 3 22 52 3.7
22 12 51 53 3.7
23 51 12 60 3.7
24 50 6 58 3.7
25 6 50 55 3.7
26 44 17 59 3.7
27 26 5 45 3.7
28 44 7 56 3.7
29 20 21 48 3.7
30 11 43 44 3.7
31 61 8 64 3.7
32 40 47 48 3.7
33 25 4 49 3.7
34 8 29 38 3.7
35 11 34 43 3.7
36 52 22 62 3.7
37 4 26 49 3.7
38 21 3 52 3.7
39 55 16 56 3.7
40 24 25 42 3.7
41 17 18 59 3.7
42 5 27 57 3.7
43 19 20 53 3.7
44 48 13 54 3.7
45 9 45 57 3.7
46 16 44 56 3.7
47 15 16 55 3.7
48 27 1 50 3.7
49 18 2 51 3.7
50 2 19 51 3.7
51 1 15 50 3.7
52 26 45 49 3.7
53 9 30 35 3.7
54 30 8 46 3.7
55 14 33 36 3.7
56 40 48 52 3.7
57 28 6 55 3.7
58 45 5 57 3.7
59 33 13 47 3.7
60 20 48 54 3.7
61 14 36 37 3.7
62 23 24 63 3.7
63 37 39 41 3.7
64 42 25 49 3.7
65 39 36 40 3.7
66 22 23 62 3.7
67 37 41 61 3.7
68 48 21 52 3.7
69 37 36 39 3.7
70 9 35 45 3.7
71 6 10 58 3.7
72 10 9 57 3.7
73 7 28 56 3.7
74 32 12 53 3.7
75 13 32 54 3.7
76 35 30 46 3.7
77 31 11 59 3.7
78 12 31 60 3.7
79 47 13 48 3.7
80 40 36 47 3.7
81 36 33 47 3.7
82 46 8 61 3.7
83 51 19 53 3.7
84 27 50 58 3.7
85 18 51 60 3.7
86 14 37 64 3.7
87 50 15 55 3.7
88 37 61 64 3.7
89 28 55 56 3.7
90 39 40 62 3.7
91 41 39 63 3.7
92 10 57 58 3.7
93 32 53 54 3.7
94 31 59 60 3.7
95 39 62 63 3.7
96 62 23 63 3.7
